 32 31 30 29 28 27 26 25 24 23 22 | 21 20 19 18 17 16 17 18 19 20 21 | 22 23 24 25 26 27 28 29 30 31 32
 31 30 29 28 27 26  #  # 25  # 21 | 20 19 18 17 16 15  #  # 18  # 20 | 21 22 23 24 25 26  #  # 29  # 31
 30  #  #  # 26 25  # 23 24  # 20 | 19  #  #  # 15 14  # 16 17  # 19 | 20  #  #  # 26 25  # 27 28  # 30
 29 30  # 26  # 24 23 22  # 20 19 | 18 19  # 15  # 13 14 15  # 17 18 | 19 20  # 22  # 24 25 26  # 28 29
 28  #  # 25  # 23  # 21 20 19 18 | 17  #  # 14  # 12  # 14 15 16 17 | 18  #  # 21  # 23  # 25 26 27 28
 27 26 25 24 23 22 21 20 19 18 17 | 16 15 14 13 12 11 12 13 14 15 16 | 17 18 19 20 21 22 23 24 25 26 27
 26  #  # 23 22 21 22 21 20  # 16 | 15  #  # 12 11 10 11 12 13  # 15 | 16  #  # 19 20 21 22 23 24  # 26
 25 24 23 22 21 20 21  #  # 16 15 | 14 13 12 11 10  9 10  #  # 15 14 | 15 16 17 18 19 20 21  #  # 26 25
 24  #  # 21  # 19  #  #  #  # 14 | 13  #  # 10  #  8  #  #  #  # 13 | 14  #  # 17  # 19  #  #  #  # 24
 23  #  # 20 19 18  # 16  #  # 13 | 12  #  #  9  8  7  #  9  #  # 12 | 13  #  # 16 17 18  # 20  #  # 23
 22 21 20 19 18 17 16 15 14 13 12 | 11 10  9  8  7  6  7  8  9 10 11 | 12 13 14 15 16 17 18 19 20 21 22
 ------------------------------------------------------------------------------------------------------
 21 20 19 18 17 16 15 14 13 12 11 | 10  9  8  7  6  5  6  7  8  9 10 | 11 12 13 14 15 16 17 18 19 20 21
 20 19 18 17 16 15  #  # 14  # 10 |  9  8  7  6  5  4  #  #  7  #  9 | 10 11 12 13 14 15  #  # 18  # 20
 19  #  #  # 15 14  # 12 13  #  9 |  8  #  #  #  4  3  #  5  6  #  8 |  9  #  #  # 15 14  # 16 17  # 19
 18 19  # 15  # 13 12 11  #  9  8 |  7  8  #  4  #  2  3  4  #  6  7 |  8  9  # 11  # 13 14 15  # 17 18
 17  #  # 14  # 12  # 10  9  8  7 |  6  #  #  3  #  1  #  3  4  5  6 |  7  #  # 10  # 12  # 14 15 16 17
 16 15 14 13 12 11 10  9  8  7  6 |  5  4  3  2  1  0  1  2  3  4  5 |  6  7  8  9 10 11 12 13 14 15 16
 17  #  # 14 13 12 11 10  9  #  7 |  6  #  #  3  2  1  2  3  4  #  6 |  7  #  # 10 11 12 13 14 15  # 17
 18 17 16 15 14 13 12  #  #  9  8 |  7  6  5  4  3  2  3  #  #  8  7 |  8  9 10 11 12 13 14  #  # 19 18
 19  #  # 16  # 14  #  #  #  #  9 |  8  #  #  5  #  3  #  #  #  #  8 |  9  #  # 12  # 14  #  #  #  # 19
 20  #  # 17 16 15  # 15  #  # 10 |  9  #  #  6  5  4  #  8  #  #  9 | 10  #  # 13 14 15  # 19  #  # 20
 21 20 19 18 17 16 15 14 13 12 11 | 10  9  8  7  6  5  6  7  8  9 10 | 11 12 13 14 15 16 17 18 19 20 21
 ------------------------------------------------------------------------------------------------------
 22 21 20 19 18 17 16 15 14 13 12 | 11 10  9  8  7  6  7  8  9 10 11 | 12 13 14 15 16 17 18 19 20 21 22
 23 22 21 20 19 18  #  # 15  # 13 | 12 11 10  9  8  7  #  # 10  # 12 | 13 14 15 16 17 18  #  # 21  # 23
 24  #  #  # 20 19  # 17 16  # 14 | 13  #  #  #  9  8  # 12 11  # 13 | 14  #  #  # 18 19  # 23 22  # 24
 25 26  # 26  # 20 19 18  # 16 15 | 14 15  # 15  #  9 10 11  # 15 14 | 15 16  # 22  # 20 21 22  # 26 25
 26  #  # 25  # 21  # 19 18 17 16 | 15  #  # 14  # 10  # 12 13 14 15 | 16  #  # 21  # 21  # 23 24 25 26
 27 26 25 24 23 22 21 20 19 18 17 | 16 15 14 13 12 11 12 13 14 15 16 | 17 18 19 20 21 22 23 24 25 26 27
 28  #  # 25 24 23 22 21 20  # 18 | 17  #  # 14 13 12 13 14 15  # 17 | 18  #  # 21 22 23 24 25 26  # 28
 29 28 27 26 25 24 23  #  # 20 19 | 18 17 16 15 14 13 14  #  # 19 18 | 19 20 21 22 23 24 25  #  # 30 29
 30  #  # 27  # 25  #  #  #  # 20 | 19  #  # 16  # 14  #  #  #  # 19 | 20  #  # 23  # 25  #  #  #  # 30
 31  #  # 28 27 26  # 26  #  # 21 | 20  #  # 17 16 15  # 19  #  # 20 | 21  #  # 24 25 26  # 30  #  # 31
 32 31 30 29 28 27 26 25 24 23 22 | 21 20 19 18 17 16 17 18 19 20 21 | 22 23 24 25 26 27 28 29 30 31 32