54 53 52 51 50 49 48 47 46 45 44 | 43 42 41 40 39 38 37 36 35 34 33 | 32 31 30 29 28 27 28 29 30 31 32 | 33 34 35 36 37 38 39 40 41 42 43 | 44 45 46 47 48 49 50 51 52 53 54
53 52 51 50 49 48  #  # 47  # 43 | 42 41 40 39 38 37  #  # 36  # 32 | 31 30 29 28 27 26  #  # 29  # 31 | 32 33 34 35 36 37  #  # 40  # 42 | 43 44 45 46 47 48  #  # 51  # 53       
52  #  #  # 48 47  # 45 46  # 42 | 41  #  #  # 37 36  # 34 35  # 31 | 30  #  #  # 26 25  # 27 28  # 30 | 31  #  #  # 37 36  # 38 39  # 41 | 42  #  #  # 48 47  # 49 50  # 52       
51 52  # 48  # 46 45 44  # 42 41 | 40 41  # 37  # 35 34 33  # 31 30 | 29 30  # 26  # 24 25 26  # 28 29 | 30 31  # 33  # 35 36 37  # 39 40 | 41 42  # 44  # 46 47 48  # 50 51       
50  #  # 47  # 45  # 43 42 41 40 | 39  #  # 36  # 34  # 32 31 30 29 | 28  #  # 25  # 23  # 25 26 27 28 | 29  #  # 32  # 34  # 36 37 38 39 | 40  #  # 43  # 45  # 47 48 49 50       
49 48 47 46 45 44 43 42 41 40 39 | 38 37 36 35 34 33 32 31 30 29 28 | 27 26 25 24 23 22 23 24 25 26 27 | 28 29 30 31 32 33 34 35 36 37 38 | 39 40 41 42 43 44 45 46 47 48 49       
48  #  # 45 44 43 44 43 42  # 38 | 37  #  # 34 33 32 33 32 31  # 27 | 26  #  # 23 22 21 22 23 24  # 26 | 27  #  # 30 31 32 33 34 35  # 37 | 38  #  # 41 42 43 44 45 46  # 48       
47 46 45 44 43 42 43  #  # 38 37 | 36 35 34 33 32 31 32  #  # 27 26 | 25 24 23 22 21 20 21  #  # 26 25 | 26 27 28 29 30 31 32  #  # 37 36 | 37 38 39 40 41 42 43  #  # 48 47       
46  #  # 43  # 41  #  #  #  # 36 | 35  #  # 32  # 30  #  #  #  # 25 | 24  #  # 21  # 19  #  #  #  # 24 | 25  #  # 28  # 30  #  #  #  # 35 | 36  #  # 39  # 41  #  #  #  # 46       
45  #  # 42 41 40  # 38  #  # 35 | 34  #  # 31 30 29  # 27  #  # 24 | 23  #  # 20 19 18  # 20  #  # 23 | 24  #  # 27 28 29  # 31  #  # 34 | 35  #  # 38 39 40  # 42  #  # 45       
44 43 42 41 40 39 38 37 36 35 34 | 33 32 31 30 29 28 27 26 25 24 23 | 22 21 20 19 18 17 18 19 20 21 22 | 23 24 25 26 27 28 29 30 31 32 33 | 34 35 36 37 38 39 40 41 42 43 44       
----------------------------------------------------------------------------------------------------------------------------------------------------------------------------  
43 42 41 40 39 38 37 36 35 34 33 | 32 31 30 29 28 27 26 25 24 23 22 | 21 20 19 18 17 16 17 18 19 20 21 | 22 23 24 25 26 27 28 29 30 31 32 | 33 34 35 36 37 38 39 40 41 42 43       
42 41 40 39 38 37  #  # 36  # 32 | 31 30 29 28 27 26  #  # 25  # 21 | 20 19 18 17 16 15  #  # 18  # 20 | 21 22 23 24 25 26  #  # 29  # 31 | 32 33 34 35 36 37  #  # 40  # 42       
41  #  #  # 37 36  # 34 35  # 31 | 30  #  #  # 26 25  # 23 24  # 20 | 19  #  #  # 15 14  # 16 17  # 19 | 20  #  #  # 26 25  # 27 28  # 30 | 31  #  #  # 37 36  # 38 39  # 41       
40 41  # 37  # 35 34 33  # 31 30 | 29 30  # 26  # 24 23 22  # 20 19 | 18 19  # 15  # 13 14 15  # 17 18 | 19 20  # 22  # 24 25 26  # 28 29 | 30 31  # 33  # 35 36 37  # 39 40       
39  #  # 36  # 34  # 32 31 30 29 | 28  #  # 25  # 23  # 21 20 19 18 | 17  #  # 14  # 12  # 14 15 16 17 | 18  #  # 21  # 23  # 25 26 27 28 | 29  #  # 32  # 34  # 36 37 38 39       
38 37 36 35 34 33 32 31 30 29 28 | 27 26 25 24 23 22 21 20 19 18 17 | 16 15 14 13 12 11 12 13 14 15 16 | 17 18 19 20 21 22 23 24 25 26 27 | 28 29 30 31 32 33 34 35 36 37 38       
37  #  # 34 33 32 33 32 31  # 27 | 26  #  # 23 22 21 22 21 20  # 16 | 15  #  # 12 11 10 11 12 13  # 15 | 16  #  # 19 20 21 22 23 24  # 26 | 27  #  # 30 31 32 33 34 35  # 37       
36 35 34 33 32 31 32  #  # 27 26 | 25 24 23 22 21 20 21  #  # 16 15 | 14 13 12 11 10  9 10  #  # 15 14 | 15 16 17 18 19 20 21  #  # 26 25 | 26 27 28 29 30 31 32  #  # 37 36       
35  #  # 32  # 30  #  #  #  # 25 | 24  #  # 21  # 19  #  #  #  # 14 | 13  #  # 10  #  8  #  #  #  # 13 | 14  #  # 17  # 19  #  #  #  # 24 | 25  #  # 28  # 30  #  #  #  # 35       
34  #  # 31 30 29  # 27  #  # 24 | 23  #  # 20 19 18  # 16  #  # 13 | 12  #  #  9  8  7  #  9  #  # 12 | 13  #  # 16 17 18  # 20  #  # 23 | 24  #  # 27 28 29  # 31  #  # 34       
33 32 31 30 29 28 27 26 25 24 23 | 22 21 20 19 18 17 16 15 14 13 12 | 11 10  9  8  7  6  7  8  9 10 11 | 12 13 14 15 16 17 18 19 20 21 22 | 23 24 25 26 27 28 29 30 31 32 33       
----------------------------------------------------------------------------------------------------------------------------------------------------------------------------  
32 31 30 29 28 27 26 25 24 23 22 | 21 20 19 18 17 16 15 14 13 12 11 | 10  9  8  7  6  5  6  7  8  9 10 | 11 12 13 14 15 16 17 18 19 20 21 | 22 23 24 25 26 27 28 29 30 31 32       
31 30 29 28 27 26  #  # 25  # 21 | 20 19 18 17 16 15  #  # 14  # 10 |  9  8  7  6  5  4  #  #  7  #  9 | 10 11 12 13 14 15  #  # 18  # 20 | 21 22 23 24 25 26  #  # 29  # 31       
30  #  #  # 26 25  # 23 24  # 20 | 19  #  #  # 15 14  # 12 13  #  9 |  8  #  #  #  4  3  #  5  6  #  8 |  9  #  #  # 15 14  # 16 17  # 19 | 20  #  #  # 26 25  # 27 28  # 30       
29 30  # 26  # 24 23 22  # 20 19 | 18 19  # 15  # 13 12 11  #  9  8 |  7  8  #  4  #  2  3  4  #  6  7 |  8  9  # 11  # 13 14 15  # 17 18 | 19 20  # 22  # 24 25 26  # 28 29       
28  #  # 25  # 23  # 21 20 19 18 | 17  #  # 14  # 12  # 10  9  8  7 |  6  #  #  3  #  1  #  3  4  5  6 |  7  #  # 10  # 12  # 14 15 16 17 | 18  #  # 21  # 23  # 25 26 27 28       
27 26 25 24 23 22 21 20 19 18 17 | 16 15 14 13 12 11 10  9  8  7  6 |  5  4  3  2  1  0  1  2  3  4  5 |  6  7  8  9 10 11 12 13 14 15 16 | 17 18 19 20 21 22 23 24 25 26 27       
28  #  # 25 24 23 22 21 20  # 18 | 17  #  # 14 13 12 11 10  9  #  7 |  6  #  #  3  2  1  2  3  4  #  6 |  7  #  # 10 11 12 13 14 15  # 17 | 18  #  # 21 22 23 24 25 26  # 28       
29 28 27 26 25 24 23  #  # 20 19 | 18 17 16 15 14 13 12  #  #  9  8 |  7  6  5  4  3  2  3  #  #  8  7 |  8  9 10 11 12 13 14  #  # 19 18 | 19 20 21 22 23 24 25  #  # 30 29       
30  #  # 27  # 25  #  #  #  # 20 | 19  #  # 16  # 14  #  #  #  #  9 |  8  #  #  5  #  3  #  #  #  #  8 |  9  #  # 12  # 14  #  #  #  # 19 | 20  #  # 23  # 25  #  #  #  # 30       
31  #  # 28 27 26  # 26  #  # 21 | 20  #  # 17 16 15  # 15  #  # 10 |  9  #  #  6  5  4  #  8  #  #  9 | 10  #  # 13 14 15  # 19  #  # 20 | 21  #  # 24 25 26  # 30  #  # 31       
32 31 30 29 28 27 26 25 24 23 22 | 21 20 19 18 17 16 15 14 13 12 11 | 10  9  8  7  6  5  6  7  8  9 10 | 11 12 13 14 15 16 17 18 19 20 21 | 22 23 24 25 26 27 28 29 30 31 32       
----------------------------------------------------------------------------------------------------------------------------------------------------------------------------  
33 32 31 30 29 28 27 26 25 24 23 | 22 21 20 19 18 17 16 15 14 13 12 | 11 10  9  8  7  6  7  8  9 10 11 | 12 13 14 15 16 17 18 19 20 21 22 | 23 24 25 26 27 28 29 30 31 32 33       
34 33 32 31 30 29  #  # 26  # 24 | 23 22 21 20 19 18  #  # 15  # 13 | 12 11 10  9  8  7  #  # 10  # 12 | 13 14 15 16 17 18  #  # 21  # 23 | 24 25 26 27 28 29  #  # 32  # 34       
35  #  #  # 31 30  # 28 27  # 25 | 24  #  #  # 20 19  # 17 16  # 14 | 13  #  #  #  9  8  # 12 11  # 13 | 14  #  #  # 18 19  # 23 22  # 24 | 25  #  #  # 29 30  # 34 33  # 35       
36 37  # 37  # 31 30 29  # 27 26 | 25 26  # 26  # 20 19 18  # 16 15 | 14 15  # 15  #  9 10 11  # 15 14 | 15 16  # 22  # 20 21 22  # 26 25 | 26 27  # 33  # 31 32 33  # 37 36       
37  #  # 36  # 32  # 30 29 28 27 | 26  #  # 25  # 21  # 19 18 17 16 | 15  #  # 14  # 10  # 12 13 14 15 | 16  #  # 21  # 21  # 23 24 25 26 | 27  #  # 32  # 32  # 34 35 36 37       
38 37 36 35 34 33 32 31 30 29 28 | 27 26 25 24 23 22 21 20 19 18 17 | 16 15 14 13 12 11 12 13 14 15 16 | 17 18 19 20 21 22 23 24 25 26 27 | 28 29 30 31 32 33 34 35 36 37 38       
39  #  # 36 35 34 33 32 31  # 29 | 28  #  # 25 24 23 22 21 20  # 18 | 17  #  # 14 13 12 13 14 15  # 17 | 18  #  # 21 22 23 24 25 26  # 28 | 29  #  # 32 33 34 35 36 37  # 39       
40 39 38 37 36 35 34  #  # 31 30 | 29 28 27 26 25 24 23  #  # 20 19 | 18 17 16 15 14 13 14  #  # 19 18 | 19 20 21 22 23 24 25  #  # 30 29 | 30 31 32 33 34 35 36  #  # 41 40       
41  #  # 38  # 36  #  #  #  # 31 | 30  #  # 27  # 25  #  #  #  # 20 | 19  #  # 16  # 14  #  #  #  # 19 | 20  #  # 23  # 25  #  #  #  # 30 | 31  #  # 34  # 36  #  #  #  # 41       
42  #  # 39 38 37  # 37  #  # 32 | 31  #  # 28 27 26  # 26  #  # 21 | 20  #  # 17 16 15  # 19  #  # 20 | 21  #  # 24 25 26  # 30  #  # 31 | 32  #  # 35 36 37  # 41  #  # 42
43 42 41 40 39 38 37 36 35 34 33 | 32 31 30 29 28 27 26 25 24 23 22 | 21 20 19 18 17 16 17 18 19 20 21 | 22 23 24 25 26 27 28 29 30 31 32 | 33 34 35 36 37 38 39 40 41 42 43       
----------------------------------------------------------------------------------------------------------------------------------------------------------------------------       
44 43 42 41 40 39 38 37 36 35 34 | 33 32 31 30 29 28 27 26 25 24 23 | 22 21 20 19 18 17 18 19 20 21 22 | 23 24 25 26 27 28 29 30 31 32 33 | 34 35 36 37 38 39 40 41 42 43 44       
45 44 43 42 41 40  #  # 37  # 35 | 34 33 32 31 30 29  #  # 26  # 24 | 23 22 21 20 19 18  #  # 21  # 23 | 24 25 26 27 28 29  #  # 32  # 34 | 35 36 37 38 39 40  #  # 43  # 45       
46  #  #  # 42 41  # 39 38  # 36 | 35  #  #  # 31 30  # 28 27  # 25 | 24  #  #  # 20 19  # 23 22  # 24 | 25  #  #  # 29 30  # 34 33  # 35 | 36  #  #  # 40 41  # 45 44  # 46       
47 48  # 48  # 42 41 40  # 38 37 | 36 37  # 37  # 31 30 29  # 27 26 | 25 26  # 26  # 20 21 22  # 26 25 | 26 27  # 33  # 31 32 33  # 37 36 | 37 38  # 44  # 42 43 44  # 48 47       
48  #  # 47  # 43  # 41 40 39 38 | 37  #  # 36  # 32  # 30 29 28 27 | 26  #  # 25  # 21  # 23 24 25 26 | 27  #  # 32  # 32  # 34 35 36 37 | 38  #  # 43  # 43  # 45 46 47 48       
49 48 47 46 45 44 43 42 41 40 39 | 38 37 36 35 34 33 32 31 30 29 28 | 27 26 25 24 23 22 23 24 25 26 27 | 28 29 30 31 32 33 34 35 36 37 38 | 39 40 41 42 43 44 45 46 47 48 49       
50  #  # 47 46 45 44 43 42  # 40 | 39  #  # 36 35 34 33 32 31  # 29 | 28  #  # 25 24 23 24 25 26  # 28 | 29  #  # 32 33 34 35 36 37  # 39 | 40  #  # 43 44 45 46 47 48  # 50       
51 50 49 48 47 46 45  #  # 42 41 | 40 39 38 37 36 35 34  #  # 31 30 | 29 28 27 26 25 24 25  #  # 30 29 | 30 31 32 33 34 35 36  #  # 41 40 | 41 42 43 44 45 46 47  #  # 52 51       
52  #  # 49  # 47  #  #  #  # 42 | 41  #  # 38  # 36  #  #  #  # 31 | 30  #  # 27  # 25  #  #  #  # 30 | 31  #  # 34  # 36  #  #  #  # 41 | 42  #  # 45  # 47  #  #  #  # 52       
53  #  # 50 49 48  # 48  #  # 43 | 42  #  # 39 38 37  # 37  #  # 32 | 31  #  # 28 27 26  # 30  #  # 31 | 32  #  # 35 36 37  # 41  #  # 42 | 43  #  # 46 47 48  # 52  #  # 53       
54 53 52 51 50 49 48 47 46 45 44 | 43 42 41 40 39 38 37 36 35 34 33 | 32 31 30 29 28 27 28 29 30 31 32 | 33 34 35 36 37 38 39 40 41 42 43 | 44 45 46 47 48 49 50 51 52 53 54